3D version:
3D permutations (fastest -> slowest):
	ikj: 0.0007485200000000 s
	jik: 0.0008067600000000 s
	ijk: 0.0008245000000000 s
	kij: 0.0008483200000000 s
	jki: 0.0009897600000000 s
	kji: 0.0011823000000000 s
2D version:
	ij: 0.0000099600000000 s
	ji: 0.0000096200000000 s
